removed_sources:
  Error-0.17019.tar.gz: 41527292e6891eeedba4b1a75550c3a0ac61857d
  Error-0.17021.tar.gz: 4ae7d68fbf2d64693773eab9dcd5a25a9775b2c3
sources:
  Error-0.17022.tar.gz: 2e638bd8e9f9e241733a6f199287154a039d3700
